12/16/2016	19.09	19.27	18.62	18.95	18.95	10319000
12/15/2016	19.13	19.19	18.52	18.68	18.68	5368200
12/14/2016	20.86	21.15	19.52	19.54	19.54	6178300
12/13/2016	20.1	20.72	20.06	20.66	20.66	3236700
12/12/2016	20.4	20.5	19.82	20.1	20.1	3682800
12/9/2016	20.85	20.9	20.19	20.38	20.38	3641400
12/8/2016	20.88	21.1	20.83	21	21	3975800
12/7/2016	20.8	21.19	20.75	20.92	20.92	4974400
12/6/2016	20.86	21.19	20.45	20.55	20.55	3647100
12/5/2016	20.41	21.12	20.12	20.85	20.85	4047100
12/2/2016	20.23	21.07	19.97	20.81	20.81	4320600
12/1/2016	20	20.36	19.72	20.02	20.02	5004900
11/30/2016	20.4	20.44	19.76	20.15	20.15	6579600
11/29/2016	20.33	20.84	20.2	20.75	20.75	2803900
11/28/2016	20.27	20.72	20.02	20.69	20.69	2771700
11/25/2016	19.9	20.16	19.75	20.04	20.01	2561200
11/24/2016	19.59	19.79	19.55	19.65	19.62	812300
11/23/2016	19.75	19.91	19.36	19.72	19.69	4832600
11/22/2016	20.73	20.74	19.87	20.65	20.62	3572700
11/21/2016	20.9	20.94	20.6	20.65	20.62	3119600
11/18/2016	20.51	20.74	20.2	20.66	20.63	3598000
11/17/2016	21	21.42	20.42	20.67	20.64	4513800
11/16/2016	20.9	21.19	20.55	20.98	20.95	5264900
11/15/2016	19.95	20.98	19.87	20.92	20.89	4945400
11/14/2016	19.71	20.56	18.95	19.86	19.83	6475800
11/11/2016	21.24	21.38	19.86	20.06	20.03	6043400
11/10/2016	23.04	23.09	21.02	21.22	21.19	6720400
11/9/2016	24.6	24.6	22.54	23.06	23.03	6620800
11/8/2016	23.21	23.57	22.66	22.85	22.82	4221600
11/7/2016	23.52	23.6	22.79	23.21	23.18	3195800
11/4/2016	24.57	24.69	24.14	24.5	24.47	3055900
11/3/2016	24.1	24.94	24.01	24.52	24.49	3339500
11/2/2016	24.97	25.36	23.96	24.24	24.21	6162300
11/1/2016	24.05	25.08	23.97	24.66	24.63	5445900
10/31/2016	22.96	23.62	22.78	23.6	23.57	3860500
10/28/2016	22.53	23.35	22.35	22.89	22.86	5391000
10/27/2016	22.8	23.08	22.26	22.55	22.52	4106200
10/26/2016	22.55	22.65	22.04	22.24	22.21	3873900
10/25/2016	22.25	23.58	22	22.57	22.54	4723300
10/24/2016	22.67	22.72	21.76	22.09	22.06	3040600
10/21/2016	22.68	22.76	22.32	22.56	22.53	1967200
10/20/2016	22.86	22.86	22.01	22.51	22.48	3749000
10/19/2016	21.84	22.87	21.47	22.69	22.66	5532900
10/18/2016	21.23	21.59	21.02	21.47	21.44	2986600
10/17/2016	20.68	21.03	20.65	20.86	20.83	2122600
10/14/2016	20.8	21.13	20.59	20.6	20.57	2999200
10/13/2016	21.15	21.59	20.83	21.15	21.12	3898600
10/12/2016	20.7	21.21	20.54	21.02	20.99	4089800
10/11/2016	20.7	21.04	20.41	20.55	20.52	3049900
10/7/2016	21.23	21.33	20.34	20.91	20.88	4765600
10/6/2016	20.48	20.86	20.25	20.59	20.56	6095000
10/5/2016	20.78	21.14	20.46	21.07	21.04	5870100
10/4/2016	22.01	22.08	20.31	20.39	20.36	6232600
10/3/2016	23.21	23.42	22.63	22.78	22.75	2682500
9/30/2016	24.01	24.05	23.19	23.23	23.2	4592000
9/29/2016	23.39	23.75	23.16	23.58	23.55	2549800
9/28/2016	23.23	23.87	22.95	23.59	23.56	3365400
9/27/2016	23.48	23.57	23.04	23.2	23.17	3527400
9/26/2016	23.99	24.23	23.68	23.73	23.7	2669800
9/23/2016	24.35	24.38	23.73	23.86	23.83	2855200
9/22/2016	24.6	24.95	23.93	24.16	24.13	3841300
9/21/2016	23.06	24.64	22.99	24.51	24.48	5032700
9/20/2016	22.79	23.04	22.62	22.71	22.68	2455000
9/19/2016	23.21	23.22	22.65	22.71	22.68	2588800
9/16/2016	23.12	23.5	22.53	22.88	22.85	7192100
9/15/2016	22.63	23.92	22.45	23.24	23.21	4614000
9/14/2016	23	23.26	22.38	22.66	22.63	3436300
9/13/2016	23.07	23.26	22.5	22.77	22.74	3953900
9/12/2016	22.56	23.47	22.44	23.18	23.15	4866100
9/9/2016	23.67	23.7	22.59	22.88	22.85	3360600
9/8/2016	24.38	24.57	23.69	23.84	23.81	3121000
9/7/2016	24.33	24.4	23.8	24.38	24.35	3801300
9/6/2016	24.11	24.48	23.91	24.45	24.42	3767200
9/2/2016	23.98	24.27	23.29	23.59	23.56	4597800
9/1/2016	22.13	23.56	22.05	23.31	23.28	5141000
8/31/2016	22.5	22.93	22.02	22.29	22.26	5600500
8/30/2016	23.85	23.85	22.62	22.81	22.78	3696900
8/29/2016	23.5	24.24	23.34	23.96	23.93	2794300
8/26/2016	24.12	24.37	23.19	23.69	23.63	4408100
8/25/2016	23.47	23.95	23.28	23.65	23.59	3854500
8/24/2016	25.47	25.48	23.35	23.49	23.43	4972800
8/23/2016	26.45	26.59	25.91	25.93	25.87	2456000
8/22/2016	26.09	26.43	25.95	26.41	26.35	2656700
8/19/2016	26.62	26.74	26.34	26.48	26.42	2642100
8/18/2016	26.94	27.15	26.71	26.88	26.81	2195800
8/17/2016	27.19	27.19	26.28	26.78	26.71	4696900
8/16/2016	27.71	27.79	26.94	27.39	27.32	3523200
8/15/2016	28.14	28.17	27.67	27.8	27.73	2642700
8/12/2016	28.56	28.7	28.01	28.2	28.13	3028300
8/11/2016	28.41	28.75	28.07	28.21	28.14	2972900
8/10/2016	28.74	28.77	28.12	28.42	28.35	4001400
8/9/2016	28.4	28.42	28.06	28.19	28.12	4433900
8/8/2016	27.85	28.71	27.82	28.21	28.14	2962000
8/5/2016	28.33	28.67	27.79	27.97	27.9	4414700
8/4/2016	29.58	29.59	29.09	29.12	29.05	3784600
8/3/2016	29.58	29.58	28.95	29.32	29.25	2924200
8/2/2016	29.3	29.97	29.05	29.74	29.67	4427300
7/29/2016	28.39	28.79	28.21	28.51	28.44	4386800
7/28/2016	28.32	28.6	27.48	28.03	27.96	4463200
7/27/2016	27.41	28.26	27.09	28.22	28.15	5078700
7/26/2016	26.63	27.08	26.36	26.97	26.9	3346000
7/25/2016	26.8	26.81	25.86	26.21	26.15	3539900
7/22/2016	26.59	27.3	26.43	27.03	26.96	2432700
7/21/2016	26.32	26.85	26.15	26.72	26.65	3856000
7/20/2016	27.51	27.59	25.89	26	25.94	5258800
7/19/2016	28	28.23	27.8	28.09	28.02	3198700
7/18/2016	27.76	27.98	27.66	27.97	27.9	2817100
7/15/2016	27.25	27.91	27.22	27.69	27.62	3652700
7/14/2016	26.6	27.69	26.31	27.69	27.62	5159300
7/13/2016	27.54	27.86	27.06	27.36	27.29	4426800
7/12/2016	28.64	28.64	26.86	26.89	26.82	6767000
7/11/2016	28.75	29.05	28.66	28.92	28.85	4429000
7/8/2016	28.89	29.34	28.47	29.08	29.01	5090100
7/7/2016	29.67	29.7	28.34	29.08	29.01	4494100
7/6/2016	29.69	30.45	29.64	30.03	29.96	6710000
7/5/2016	29.11	29.3	28.22	29.12	29.05	4401300
7/4/2016	28.62	29.15	28.62	28.7	28.63	1932500
6/30/2016	27.18	27.75	27.08	27.58	27.51	4790000
6/29/2016	27.14	27.74	26.91	26.94	26.87	4960400
6/28/2016	26.8	27.53	26.63	26.87	26.8	4912100
6/27/2016	27.33	27.83	26.44	27.6	27.53	7070500
6/24/2016	27.15	27.18	25.81	26.65	26.58	6370800
6/23/2016	24.8	25.23	24.58	24.69	24.63	3200100
6/22/2016	24.56	25.28	24.32	25.23	25.17	4278300
6/21/2016	24.84	25.19	24.52	24.54	24.48	3662600
6/20/2016	24.73	25.43	24.48	25.3	25.24	4246600
6/17/2016	26.33	26.33	25.51	25.81	25.75	11365300
6/16/2016	27.51	27.86	25.77	25.99	25.93	6817200
6/15/2016	25.36	26.76	25.35	26.52	26.46	5423900
6/14/2016	26.05	26.13	25.22	25.42	25.36	4663400
6/13/2016	26.09	26.2	25.52	25.9	25.84	5074500
6/10/2016	25.18	25.97	24.88	25	24.94	6506200
6/9/2016	24.48	25.01	24.43	24.91	24.85	3552000
6/8/2016	24.75	25.23	24.26	24.4	24.34	5193700
6/7/2016	23.94	24.4	23.84	24.03	23.97	3729300
6/6/2016	24.67	24.79	23.9	24.27	24.21	5326400
6/3/2016	23.38	24.88	23.3	24.81	24.75	7522500
6/2/2016	21.97	22.31	21.84	22.23	22.18	3187500
6/1/2016	22.17	22.59	21.75	22.07	22.02	4314600
5/31/2016	21.7	22.56	21.45	21.92	21.87	13093500
5/30/2016	21.45	21.74	21.41	21.55	21.5	984500
5/27/2016	22.1	22.45	21.56	21.67	21.62	4738500
5/26/2016	22.84	23.07	22.05	22.21	22.13	4045100
5/25/2016	21.93	22.79	21.3	22.5	22.42	6163900
5/24/2016	23.04	23.39	22.2	22.24	22.16	6603200
5/20/2016	24	24.17	23.13	23.87	23.78	4006100
5/19/2016	22.67	23.99	22.39	23.76	23.67	6193700
5/18/2016	24.7	25.01	22.9	22.94	22.86	7226700
5/17/2016	24.38	25.44	24.18	24.99	24.9	5524500
5/16/2016	24.35	24.65	24.06	24.41	24.32	5770600
5/13/2016	23.33	24.2	23.33	23.86	23.77	4475900
5/12/2016	23.6	23.88	23.05	23.27	23.19	3342300
5/11/2016	23.76	24.15	22.95	23.71	23.62	5180300
5/10/2016	22.56	23.25	22.26	23.19	23.11	3414500
5/9/2016	23.12	23.22	22.49	22.52	22.44	3429400
5/6/2016	23.45	24.29	23.44	23.83	23.74	4782200
5/5/2016	22.8	23.35	22.51	23	22.92	3999900
5/4/2016	22.89	23.64	22.29	22.48	22.4	4328600
5/3/2016	23.62	23.86	23.04	23.33	23.25	4655400
5/2/2016	24.38	24.43	23.65	23.96	23.87	6013300
4/29/2016	22.5	24.33	22.47	24.29	24.2	7242500
4/28/2016	21.13	22.14	21.12	22.03	21.95	4304500
4/27/2016	20.96	21.05	20.47	20.98	20.9	4668400
4/26/2016	20.46	20.92	20.28	20.78	20.7	4222500
4/25/2016	20.6	20.64	20.29	20.49	20.42	3011100
4/22/2016	20.42	20.91	20.12	20.41	20.34	4398300
4/21/2016	20.56	21.22	20.35	20.79	20.71	6731700
4/20/2016	20.71	21.09	19.73	20.06	19.99	5794800
4/19/2016	20.79	21	20.4	20.7	20.63	4629000
4/18/2016	20.53	20.54	19.97	20.25	20.18	3035800
4/15/2016	19.9	20.24	19.59	20.11	20.04	3459600
4/14/2016	20.48	20.68	19.38	19.81	19.74	6057400
4/13/2016	20.52	20.75	20.31	20.56	20.49	4100300
4/12/2016	21	21.32	20.54	20.87	20.79	5000200
4/11/2016	19.98	21.1	19.96	21.04	20.96	5318100
4/8/2016	19.07	19.92	19.06	19.75	19.68	4191200
4/7/2016	18.74	19.32	18.73	19.11	19.04	5039700
4/6/2016	18.32	18.54	18.1	18.28	18.21	5116400
4/5/2016	18.22	18.49	17.87	18.46	18.39	3999000
4/4/2016	17.71	17.86	17.48	17.64	17.58	2576500
4/1/2016	17.28	17.84	17.09	17.78	17.72	4337600
3/31/2016	18.03	18.08	17.62	17.64	17.58	4383500
3/30/2016	18.2	18.24	17.51	17.82	17.76	6073100
3/29/2016	18.07	18.51	17.82	18.36	18.29	5094700
3/28/2016	17.93	18.09	17.61	17.97	17.91	3435400
3/24/2016	17.77	18.14	17.61	17.96	17.9	3483900
3/23/2016	18.32	18.32	17.48	17.54	17.48	6591100
3/22/2016	19.6	19.72	18.84	18.91	18.84	4335000
3/21/2016	19.07	19.48	19.01	19.21	19.14	4496500
3/18/2016	19	19.55	18.86	19.12	19.05	10156100
3/17/2016	19.86	20.17	19.16	19.21	19.14	6882100
3/16/2016	18.6	19.97	18.35	19.93	19.86	6529700
3/15/2016	18.38	19.04	18.19	18.98	18.91	5695400
3/14/2016	18.65	18.94	18.13	18.15	18.08	6723800
3/11/2016	18.69	18.95	18.33	18.45	18.38	5593900
3/10/2016	18.59	19.09	18.44	18.92	18.85	7994000
3/9/2016	17.3	18.27	16.95	18.14	18.07	6591800
3/8/2016	18.94	19.13	17.6	17.86	17.8	7156300
3/7/2016	18.63	19.54	18.08	18.44	18.37	7518500
3/4/2016	18.84	19.85	18.15	18.28	18.21	8045900
3/3/2016	18.31	18.9	18.24	18.64	18.57	5894800
3/2/2016	17.96	18.3	17.85	18.23	18.16	5469800
3/1/2016	18.9	18.91	17.57	17.82	17.76	6116500
2/29/2016	18.44	18.94	18.4	18.8	18.73	6965400
2/26/2016	17.71	18.42	17.65	18.27	18.2	6163700
2/25/2016	18.17	18.91	18.15	18.37	18.3	6390600
2/24/2016	19.25	19.99	18.05	18.4	18.31	9663800
2/23/2016	17.88	18.67	17.8	18.63	18.54	7972500
2/22/2016	16.74	18	16.6	17.55	17.46	8773800
2/19/2016	17.21	17.88	17.17	17.26	17.17	6157200
2/18/2016	15.98	17.4	15.98	17.36	17.27	10034600
2/17/2016	16.24	16.46	15.88	16.26	16.18	6265900
2/16/2016	16.01	16.73	15.96	16.11	16.03	6829800
2/12/2016	16.35	17.05	16.21	16.95	16.86	6156800
2/11/2016	17.64	17.69	16.58	16.7	16.62	10164300
2/10/2016	15.25	16.14	14.71	16.11	16.03	8892100
2/9/2016	16.74	16.86	15.51	15.57	15.49	9135300
2/8/2016	16.66	17.35	16.44	16.59	16.51	9282500
2/5/2016	14.93	16.2	14.65	16.19	16.11	7692200
2/4/2016	15	15.66	14.8	15.41	15.33	10255200
2/3/2016	13.84	14.91	13.81	14.77	14.7	6405800
2/2/2016	13.9	14.13	13.57	13.84	13.77	3309500
2/1/2016	14.08	14.45	13.85	14.03	13.96	4932600
1/29/2016	13.34	13.99	13.3	13.93	13.86	5117700
1/28/2016	13.35	13.96	13.05	13.56	13.49	6223400
1/27/2016	13.09	13.93	13.01	13.89	13.82	5471500
1/26/2016	13.3	13.45	13.13	13.4	13.33	4943200
1/25/2016	12.45	13.28	12.33	13.24	13.17	6858300
1/22/2016	11.5	12.22	11.46	12.16	12.1	5596600
1/21/2016	11.42	11.92	11.23	11.9	11.84	5089700
1/20/2016	11.43	11.98	11.3	11.79	11.73	7084200
1/19/2016	11.55	11.56	10.76	11.01	10.95	5510500
1/18/2016	11.54	11.63	11.42	11.62	11.56	1007000
1/15/2016	11.6	11.61	11.25	11.49	11.43	7896400
1/14/2016	11.33	11.63	10.69	10.9	10.84	5377100
1/13/2016	11.15	11.71	11.11	11.53	11.47	4496100
1/12/2016	11.4	11.44	11	11.28	11.22	4485900
1/11/2016	11.95	12.02	11.34	11.6	11.54	4109500
1/8/2016	11.92	12.26	11.71	11.92	11.86	4609000
1/7/2016	11.62	12.44	11.58	12.34	12.28	8003000
1/6/2016	11.01	11.35	11.01	11.19	11.13	4050500
1/5/2016	10.84	10.9	10.63	10.7	10.65	3025700
1/4/2016	10.71	10.93	10.62	10.81	10.76	3943200
12/31/2015	10.17	10.31	10.09	10.24	10.19	2297800
12/30/2015	10.27	10.36	10.16	10.25	10.2	1579700
12/29/2015	10.56	10.65	10.35	10.49	10.44	1816200
12/24/2015	10.69	10.89	10.66	10.85	10.79	1249300
12/23/2015	10.47	10.64	10.37	10.64	10.59	3366200
12/22/2015	10.38	10.71	10.33	10.4	10.35	3596500
12/21/2015	10.32	10.64	10.23	10.44	10.39	4040500
12/18/2015	9.86	10.27	9.81	10.09	10.04	7339600
12/17/2015	10.09	10.1	9.68	9.69	9.64	3881500
12/16/2015	10.01	10.65	9.96	10.53	10.48	6717800
12/15/2015	9.75	9.86	9.56	9.77	9.72	3237500
12/14/2015	10.53	10.61	9.69	9.69	9.64	4144300
12/11/2015	10.31	10.79	10.11	10.64	10.59	3424900
12/10/2015	10.42	10.71	10.4	10.46	10.41	3339000
12/9/2015	10.47	10.68	10.32	10.49	10.44	3059300
12/8/2015	10.49	10.52	10.15	10.23	10.18	2523600
12/7/2015	10.71	10.75	10.32	10.37	10.32	2717600
12/4/2015	10.32	10.83	10.22	10.81	10.76	4234200
12/3/2015	10	10.33	9.95	10.09	10.04	3100300
12/2/2015	9.83	10.07	9.71	9.9	9.85	3114700
12/1/2015	9.87	10.19	9.74	10.16	10.11	6056000
11/30/2015	9.54	9.9	9.52	9.83	9.78	4111600
11/27/2015	9.6	9.71	9.43	9.47	9.42	2100000
11/26/2015	9.84	9.95	9.75	9.9	9.85	575100
11/25/2015	9.7	10	9.63	9.81	9.73	2896900
11/24/2015	9.64	9.92	9.41	9.84	9.76	3534300
11/23/2015	9.5	9.66	9.4	9.52	9.45	1797600
11/20/2015	10.11	10.2	9.53	9.57	9.5	3332900
11/19/2015	9.67	10.08	9.56	10.04	9.96	3250700
11/18/2015	9.39	9.66	9.22	9.63	9.55	2959600
11/17/2015	10.1	10.13	9.22	9.29	9.22	5077400
11/16/2015	10.11	10.32	10.08	10.17	10.09	2411300
11/13/2015	9.99	10.12	9.84	10.05	9.97	2413800
11/12/2015	9.58	10.22	9.46	10.06	9.98	4766300
11/11/2015	9.59	9.72	9.49	9.66	9.58	2096800
11/10/2015	9.57	9.67	9.46	9.56	9.49	1902500
11/9/2015	9.36	9.8	9.33	9.77	9.69	2272800
11/6/2015	9.34	9.56	9.18	9.38	9.31	5046900
11/5/2015	9.89	9.94	9.5	9.7	9.62	3587700
11/4/2015	10.36	10.48	9.9	9.94	9.86	3583300
11/3/2015	10.02	10.32	9.99	10.23	10.15	3908800
11/2/2015	9.97	10.24	9.87	10.17	10.09	3401300
10/30/2015	10.3	10.52	10.05	10.05	9.97	3790500
10/29/2015	10.05	10.97	10.05	10.31	10.23	5963500
10/28/2015	10.19	10.78	9.83	10.15	10.07	6572800
10/27/2015	9.85	10.05	9.75	10.02	9.94	2693900
10/26/2015	10.21	10.21	9.87	9.88	9.8	3743800
10/23/2015	10.15	10.3	9.83	10.21	10.13	3920000
10/22/2015	9.77	10.14	9.76	9.97	9.89	4030400
10/21/2015	9.84	9.84	9.84	9.84	9.76	0
10/20/2015	9.95	10.37	9.88	10.26	10.18	3548600
10/19/2015	10.02	10.23	9.79	9.83	9.75	4074800
10/16/2015	10.45	10.52	10.1	10.1	10.02	2865700
10/15/2015	10.37	10.52	10.23	10.47	10.39	3619300
10/14/2015	10	10.59	9.99	10.56	10.48	4589700
10/13/2015	9.66	9.97	9.52	9.7	9.62	2883200
10/9/2015	9.72	9.9	9.58	9.84	9.76	3044900
10/8/2015	9.33	9.77	9.25	9.33	9.26	3358100
10/7/2015	9.56	9.68	9.27	9.45	9.38	3484300
10/6/2015	9.3	9.73	9.24	9.51	9.44	4228700
10/5/2015	8.7	9.07	8.67	8.96	8.89	2983000
10/2/2015	8.52	8.75	8.5	8.67	8.6	3207200
10/1/2015	8.49	8.58	8.15	8.19	8.13	2928700
9/30/2015	8.22	8.49	8.1	8.49	8.42	3643700
9/29/2015	8.46	8.66	8.27	8.34	8.27	2267600
9/28/2015	8.5	8.63	8.37	8.39	8.32	2696400
9/25/2015	8.54	8.83	8.47	8.75	8.68	4749800
9/24/2015	8.14	8.75	8.05	8.72	8.65	4326800
9/23/2015	8.26	8.28	7.89	7.9	7.84	3406000
9/22/2015	8.48	8.56	8.08	8.09	8.03	3017100
9/21/2015	8.86	8.94	8.7	8.72	8.65	2492700
9/18/2015	9.1	9.16	8.79	8.93	8.86	11404600
9/17/2015	8.74	9.23	8.56	8.99	8.92	4368600
9/16/2015	8.5	8.85	8.44	8.83	8.76	3847800
9/15/2015	8.17	8.51	8.14	8.29	8.23	2069800
9/14/2015	8.35	8.47	8.16	8.26	8.2	3285500
9/11/2015	8.14	8.49	7.94	8.43	8.36	5911700
9/10/2015	8.51	8.51	8.1	8.22	8.16	3005100
9/9/2015	8.49	8.62	8.27	8.29	8.23	2949300
9/8/2015	8.58	8.71	8.42	8.6	8.53	2466200
9/4/2015	8.5	8.54	8.26	8.5	8.43	2909400
9/3/2015	8.76	9.09	8.52	8.53	8.46	3749600
9/2/2015	8.88	8.97	8.65	8.88	8.81	4158000
9/1/2015	9.25	9.42	8.86	8.89	8.82	3853100
8/31/2015	9.25	9.31	8.84	9.15	9.08	4738400
8/28/2015	9.16	9.66	9.12	9.44	9.37	4342600
8/27/2015	8.71	9.1	8.62	9.05	8.98	5148900
8/26/2015	9.21	9.21	8.7	8.72	8.63	4298000
8/25/2015	9.85	9.92	9.1	9.39	9.29	3811000
8/24/2015	10.21	10.52	9.49	9.57	9.47	5252200
8/21/2015	10.96	11.03	10.43	10.52	10.41	3765300
8/20/2015	10.74	11.13	10.71	10.77	10.65	4038900
8/19/2015	10.18	10.51	10.15	10.34	10.23	5677000
8/18/2015	10.12	10.14	9.81	9.97	9.86	3597400
8/17/2015	10.23	10.46	10.04	10.3	10.19	2585500
8/14/2015	10.28	10.48	10.01	10.07	9.96	2562700
8/13/2015	10.31	10.62	10.11	10.13	10.02	3456000
8/12/2015	10.24	10.58	10.22	10.55	10.44	3996100
8/11/2015	10.31	10.38	9.52	10.05	9.94	4440100
8/10/2015	9.48	10	9.22	9.9	9.79	3697300
8/7/2015	9.25	9.65	9.16	9.24	9.14	3020800
8/6/2015	8.79	9.36	8.79	8.99	8.89	4941600
8/5/2015	9.03	9.09	8.6	8.67	8.58	2631800
8/4/2015	8.99	9.06	8.86	8.97	8.87	4556800
7/31/2015	9.36	9.51	9.01	9.25	9.15	4720900
7/30/2015	9.24	9.34	9.05	9.16	9.06	2916900
7/29/2015	8.96	9.45	8.87	9.38	9.28	5161800
7/28/2015	9.14	9.15	8.9	8.92	8.82	2804800
7/27/2015	9.36	9.8	8.93	8.98	8.88	3678000
7/24/2015	9.11	9.49	8.87	9.47	9.37	5109900
7/23/2015	9.67	9.73	9.19	9.21	9.11	2852200
7/22/2015	9.5	9.76	9.17	9.59	9.49	3188100
7/21/2015	9.96	10.21	9.55	9.68	9.57	4342200
7/20/2015	10.86	10.98	9.58	9.58	9.48	5566100
7/17/2015	11.92	11.95	11.19	11.4	11.28	3581400
7/16/2015	12.46	12.46	11.93	11.98	11.85	2985600
7/15/2015	12.53	12.63	12.42	12.47	12.33	1676200
7/14/2015	12.75	12.97	12.59	12.59	12.45	1470100
7/13/2015	12.72	12.74	12.44	12.69	12.55	1753600
7/10/2015	13.03	13.07	12.77	12.82	12.68	1554800
7/9/2015	13.24	13.26	12.87	12.87	12.73	2347800
7/8/2015	13.25	13.39	13.09	13.12	12.98	3473900
7/7/2015	13.42	13.52	13.08	13.1	12.96	2599700
7/6/2015	13.3	13.92	13.25	13.73	13.58	4396800
7/3/2015	13.25	13.5	13.25	13.39	13.24	349400
7/2/2015	13.22	13.32	13.11	13.25	13.11	1358900
6/30/2015	13.32	13.56	13.15	13.35	13.2	1865200
6/29/2015	13.55	13.59	13.29	13.38	13.23	1247300
6/26/2015	13.57	13.68	13.4	13.43	13.28	1370000
6/25/2015	13.74	13.8	13.52	13.57	13.42	1599700
6/24/2015	13.73	13.84	13.63	13.77	13.62	1756500
6/23/2015	13.75	13.82	13.67	13.77	13.62	1534100
6/22/2015	13.85	13.93	13.75	13.76	13.61	1449100
6/19/2015	14.07	14.49	14	14.08	13.93	8383700
6/18/2015	14.34	14.63	14.24	14.31	14.15	2275200
6/17/2015	13.75	14.17	13.63	14.13	13.98	1950800
6/16/2015	13.99	14.03	13.73	13.77	13.62	4553300
6/15/2015	13.89	14.31	13.82	14.15	14	1257400
6/12/2015	13.88	14.08	13.81	13.86	13.71	1801900
6/11/2015	14.2	14.21	13.84	13.87	13.72	1036000
6/10/2015	14.38	14.43	14.18	14.25	14.09	1323000
6/9/2015	14.27	14.43	14.18	14.24	14.09	1630600
6/8/2015	14.27	14.29	14.05	14.2	14.05	1142900
6/5/2015	14.45	14.46	14.24	14.24	14.09	1953900
6/4/2015	14.82	14.82	14.54	14.63	14.47	1309000
6/3/2015	14.84	15.09	14.78	14.94	14.78	1448900
6/2/2015	14.94	15.15	14.82	14.88	14.72	1664800
6/1/2015	14.89	15.05	14.75	14.82	14.66	1095500
5/29/2015	14.97	15.05	14.66	14.72	14.56	3873100
5/28/2015	14.64	14.95	14.45	14.92	14.76	2837400
5/27/2015	14.65	14.67	14.41	14.58	14.42	1340900
5/26/2015	14.94	14.96	14.44	14.56	14.34	2104500
5/25/2015	15.08	15.18	15.08	15.12	14.89	191400
5/22/2015	15.29	15.3	15.03	15.11	14.88	1183900
5/21/2015	15.15	15.26	14.94	15.19	14.96	1633400
5/20/2015	15.45	15.47	15.14	15.14	14.91	1880800
5/19/2015	15.82	15.96	15.24	15.26	15.03	1791200
5/18/2015	15.8	15.8	15.8	15.8	15.56	0
5/15/2015	15.72	16.15	15.66	15.8	15.56	1430700
5/14/2015	15.92	16.23	15.73	15.81	15.57	2301300
5/13/2015	15.58	16	15.52	15.84	15.6	2841100
5/12/2015	15.5	15.52	15.27	15.41	15.18	1220000
5/11/2015	15.37	15.58	15.32	15.48	15.25	1066300
5/8/2015	15.47	15.6	15.32	15.39	15.16	1341300
5/7/2015	15.15	15.42	14.92	15.4	15.17	3531900
5/6/2015	15.86	15.86	15.16	15.21	14.98	2368900
5/5/2015	16.04	16.32	15.71	15.81	15.57	1933600
5/4/2015	16.19	16.26	15.91	15.92	15.68	1515900
5/1/2015	15.54	15.93	15.5	15.9	15.66	1623400
4/30/2015	15.91	16	15.61	15.68	15.44	2575900
4/29/2015	16.01	16.4	15.96	16.22	15.98	2931100
4/28/2015	15.16	16.13	15.15	15.99	15.75	3049900
4/27/2015	15.37	16.12	15.34	15.52	15.29	2996600
4/24/2015	15.28	15.47	15.14	15.24	15.01	1111500
4/23/2015	15.18	15.47	15.1	15.34	15.11	1227200
4/22/2015	15.67	15.73	15.08	15.13	14.9	1960200
4/21/2015	15.58	15.81	15.3	15.76	15.52	2368800
4/20/2015	15.48	15.71	15.34	15.58	15.34	1587400
4/17/2015	15.47	15.83	15.46	15.62	15.38	1443500
4/16/2015	15.79	15.94	15.36	15.4	15.17	2398500
4/15/2015	15.76	16.02	15.63	15.79	15.55	3398700
4/14/2015	15.49	15.74	15.36	15.62	15.38	2035100
4/13/2015	15.89	15.93	15.54	15.59	15.35	1304100
4/10/2015	15.91	16.07	15.81	15.95	15.71	1587300
4/9/2015	15.3	15.93	15.22	15.63	15.39	3080300
4/8/2015	15.46	15.61	15.26	15.42	15.19	2553200
4/7/2015	15.6	15.8	15.41	15.46	15.23	3663800
4/6/2015	15.38	15.82	15.25	15.74	15.5	2898700
4/2/2015	14.94	15.21	14.73	14.93	14.7	2289200
4/1/2015	14.02	15.38	14	15.18	14.95	4513700
3/31/2015	14.13	14.25	13.8	13.85	13.64	2112000
3/30/2015	13.97	14.33	13.9	14.13	13.92	2149300
3/27/2015	14.04	14.44	13.81	14.21	14	3077000
3/26/2015	14.4	14.57	14.04	14.09	13.88	2683000
3/25/2015	14.32	14.44	14.14	14.18	13.97	2352100
3/24/2015	14.28	14.39	14.06	14.22	14.01	1808700
3/23/2015	14.05	14.31	14	14.27	14.05	1852600
3/20/2015	13.92	14.28	13.9	14.02	13.81	6484700
3/19/2015	13.77	13.94	13.59	13.91	13.7	2886300
3/18/2015	13.17	14.05	13.17	13.82	13.61	2784600
3/17/2015	13.26	13.51	13.14	13.17	12.97	2445800
3/16/2015	13.5	13.56	13.17	13.47	13.27	2304800
3/13/2015	13.61	13.68	13.22	13.56	13.36	2340600
3/12/2015	13.92	13.98	13.46	13.5	13.3	2321600
3/11/2015	13.59	13.96	13.39	13.95	13.74	2493900
3/10/2015	13.51	13.98	13.4	13.59	13.38	2252700
3/9/2015	14.4	14.4	13.49	13.59	13.38	2749500
3/6/2015	14.88	14.89	14.24	14.26	14.04	3250200
3/5/2015	15.19	15.59	15.08	15.23	15	2121500
3/4/2015	15.63	15.74	15	15.09	14.86	1850600
3/3/2015	16.03	16.23	15.59	15.61	15.37	2551900
3/2/2015	16.32	16.42	15.85	16.01	15.77	2481300
2/27/2015	16.05	16.54	16.01	16.26	16.01	3722000
2/26/2015	16.09	16.21	15.97	15.97	15.73	1766400
2/25/2015	15.8	15.88	15.6	15.88	15.64	2262400
2/24/2015	15.82	16.04	15.64	15.7	15.4	1907700
2/23/2015	15.91	16.38	15.83	15.99	15.69	2000700
2/20/2015	16.11	16.52	16.03	16.17	15.86	2815700
2/19/2015	15.67	16.34	15.61	16.03	15.73	4830100
2/18/2015	15	15.43	14.83	15.21	14.92	2296600
2/17/2015	14.78	15.1	14.74	14.87	14.59	2466100
2/13/2015	15.31	15.4	15.12	15.12	14.83	1484600
2/12/2015	15.23	15.25	14.9	15.15	14.86	2086400
2/11/2015	15.4	15.48	15.03	15.1	14.81	2337400
2/10/2015	15.37	15.49	14.98	15.3	15.01	3072000
2/9/2015	15.69	15.69	15.26	15.56	15.26	2328600
2/6/2015	15.69	15.81	15.26	15.44	15.15	2806300
2/5/2015	16.13	16.32	15.91	16.24	15.93	2231300
2/4/2015	15.9	16.43	15.9	16.22	15.91	2506000
2/3/2015	16.05	16.28	15.57	15.7	15.4	3036400
2/2/2015	15.85	16.41	15.78	16.21	15.9	2175700
1/30/2015	15.67	16.39	15.53	16.25	15.94	2963200
1/29/2015	15.38	15.61	15.21	15.49	15.2	2874000
1/28/2015	16.09	16.33	15.63	15.79	15.49	2745000
1/27/2015	15.98	16.44	15.95	16.26	15.95	3435400
1/26/2015	15	15.89	14.94	15.82	15.52	3077000
1/23/2015	15.74	15.85	15.34	15.43	15.14	3837900
1/22/2015	16	16.39	15.67	15.87	15.57	3543200
1/21/2015	15.4	15.78	15.11	15.69	15.39	6597200
1/20/2015	14.68	15.3	14.58	15.18	14.89	4228600
1/19/2015	14.29	14.29	13.86	14.21	13.94	673400
1/16/2015	13.83	14.28	13.74	14.09	13.82	5563400
1/15/2015	12.86	13.67	12.6	13.62	13.36	5696500
1/14/2015	12.9	12.96	12.15	12.41	12.17	4573500
1/13/2015	13.73	13.73	12.59	12.76	12.52	3414300
1/12/2015	13.16	13.64	12.97	13.58	13.32	3511700
1/9/2015	12.99	13.28	12.71	13.04	12.79	4908900
1/8/2015	13	13.36	12.72	12.79	12.55	2777900
1/7/2015	13.15	13.52	12.96	13.15	12.9	3151600
1/6/2015	12.96	13.53	12.88	13.31	13.06	4034300
1/5/2015	12.93	13.04	12.4	12.81	12.57	2884800
1/2/2015	12.34	12.86	12.21	12.86	12.62	2847100
12/31/2014	12.57	12.65	12.26	12.52	12.28	1635400
12/30/2014	12.33	12.78	12.3	12.6	12.36	2306900
12/29/2014	12.2	12.38	12.07	12.18	11.95	2662700
12/24/2014	11.83	12.12	11.67	12.02	11.79	1561800
12/23/2014	12.05	12.27	11.75	11.81	11.59	2508800
12/22/2014	12.62	12.68	11.97	12.02	11.79	3400900
12/19/2014	12.89	13.05	12.57	12.59	12.35	10391100
12/18/2014	12.74	12.93	12.54	12.85	12.61	4467400
12/17/2014	12	12.6	11.99	12.58	12.34	5499300
12/16/2014	12.52	12.53	11.95	12.02	11.79	5148100
12/15/2014	12.99	13.1	12.17	12.21	11.98	3741700
12/12/2014	13.59	13.72	13.22	13.28	13.03	2920400
12/11/2014	13.83	14.16	13.41	13.64	13.38	4252100
12/10/2014	13.81	14.37	13.68	13.7	13.44	5728000
12/9/2014	13.55	14.04	13.48	13.79	13.53	4209200
12/8/2014	13.35	13.42	12.84	13.27	13.02	3196900
12/5/2014	13.38	13.46	13.06	13.21	12.96	2812000
12/4/2014	14.06	14.19	13.54	13.58	13.32	2492100
12/3/2014	13.71	14.18	13.71	14.02	13.75	2356400
12/2/2014	13.8	14.04	13.55	13.58	13.32	2343000
12/1/2014	13.89	14.16	13.47	14.07	13.8	4631000
11/28/2014	14	14.1	13.54	13.54	13.28	1708900
11/27/2014	14.4	14.58	14.22	14.3	14.03	881300
11/26/2014	14.72	14.72	14.42	14.53	14.25	4342200
11/25/2014	14.26	14.83	14.15	14.83	14.49	8159100
11/24/2014	14.4	14.52	14.15	14.22	13.9	2149000
11/21/2014	14.8	14.81	14.26	14.44	14.11	2450300
11/20/2014	14.25	14.63	14.16	14.53	14.2	2511200
11/19/2014	15.03	15.03	14.03	14.09	13.77	3693000
11/18/2014	14.4	15.05	14.35	15.04	14.7	3774900
11/17/2014	13.94	14.28	13.7	14.07	13.75	2636600
11/14/2014	13.01	13.92	12.84	13.83	13.52	3805500
11/13/2014	13.42	13.49	13.03	13.11	12.81	1861100
11/12/2014	13.47	13.5	12.99	13.25	12.95	2686500
11/10/2014	13.49	13.55	12.82	12.9	12.61	2660500
11/7/2014	13.2	13.82	13.15	13.79	13.48	3755800
11/6/2014	12.72	13.17	12.65	12.97	12.68	2844300
11/5/2014	12.75	13.09	12.43	12.5	12.22	3334900
11/4/2014	13.69	13.71	13.01	13.06	12.76	2384500
11/3/2014	13.31	13.62	13.04	13.54	13.23	2706600
10/31/2014	13.45	13.66	12.8	13.38	13.08	6569800
10/30/2014	14.38	14.5	13.64	13.75	13.44	3647100
10/29/2014	14.95	14.95	14.34	14.34	14.01	2368800
10/28/2014	15.02	15.16	14.82	15.1	14.76	1377200
10/27/2014	15.09	15.1	14.94	14.96	14.62	1233600
10/24/2014	15.17	15.26	14.95	15.18	14.84	1494300
10/23/2014	15.01	15.32	14.8	15.13	14.79	2144600
10/22/2014	15.25	15.34	15.06	15.07	14.73	2625400
10/21/2014	15.58	15.58	15.17	15.29	14.94	2222000
10/20/2014	15.2	15.49	15.13	15.43	15.08	1748900
10/17/2014	15.51	15.6	15.11	15.12	14.78	2176900
10/16/2014	15.3	15.73	15.2	15.5	15.15	2599200
10/15/2014	15.45	15.71	15.12	15.24	14.89	2669700
10/14/2014	15.37	15.63	15.2	15.45	15.1	2257100
10/10/2014	15.56	15.68	15.09	15.11	14.77	2656300
10/9/2014	16.02	16.02	15.15	15.59	15.24	2443900
10/8/2014	15.54	16.08	15.01	15.94	15.58	2560100
10/7/2014	15.89	15.93	15.2	15.24	14.89	2510100
10/6/2014	16	16.04	15.81	15.84	15.48	1431000
10/3/2014	16.17	16.19	15.81	15.91	15.55	2740100
10/2/2014	16.59	16.6	16.15	16.43	16.06	2974900
10/1/2014	16.52	16.8	16.42	16.5	16.13	1640700
9/30/2014	16.61	16.76	16.32	16.47	16.1	3495900
9/29/2014	17.08	17.13	16.71	16.71	16.33	1554400
9/26/2014	17.1	17.11	16.9	17.02	16.63	1513000
9/25/2014	16.96	17.32	16.9	17.11	16.72	2208900
9/24/2014	17.17	17.36	16.9	16.93	16.55	1835600
9/23/2014	17.21	17.33	17.02	17.19	16.8	2214100
9/22/2014	17.14	17.15	16.86	17	16.61	2290000
9/19/2014	17.31	17.44	17.04	17.1	16.71	7844300
9/18/2014	17.86	17.89	17.49	17.52	17.12	1969300
9/17/2014	18.06	18.2	17.83	17.89	17.48	1485600
9/16/2014	18.16	18.35	17.94	18.18	17.77	2414200
9/15/2014	18.48	18.48	18.13	18.19	17.78	1349400
9/12/2014	18.54	18.77	18.27	18.33	17.91	2423500
9/11/2014	18.3	18.69	18.21	18.63	18.21	1882200
9/10/2014	18.5	18.67	18.23	18.32	17.9	1469600
9/9/2014	18.49	18.73	18.22	18.52	18.1	2073200
9/8/2014	18.56	18.64	18.28	18.37	17.95	1547900
9/5/2014	18.64	18.76	18.42	18.64	18.22	1341400
9/4/2014	19.35	19.38	18.5	18.51	18.09	1717600
9/3/2014	19.61	19.64	19.3	19.33	18.89	1187300
9/2/2014	19.65	19.77	19.48	19.52	19.08	1717600
8/29/2014	19.72	20.03	19.62	19.99	19.54	1103000
8/28/2014	19.82	19.86	19.69	19.75	19.3	881900
8/27/2014	19.89	19.94	19.65	19.66	19.21	1050500
8/26/2014	19.98	20.03	19.81	19.95	19.44	1183300
8/25/2014	19.98	20.03	19.72	19.75	19.25	1306500
8/22/2014	20.15	20.2	19.91	19.97	19.46	1238800
8/21/2014	20.19	20.25	19.9	20.18	19.67	2110000
8/20/2014	20.61	20.62	20.39	20.54	20.02	2322600
8/19/2014	20.7	20.83	20.49	20.6	20.08	835800
8/18/2014	20.49	20.69	20.37	20.66	20.14	1276300
8/15/2014	20.47	20.78	20.41	20.64	20.12	1318700
8/14/2014	20.84	21.03	20.73	20.83	20.3	1467200
8/13/2014	21.06	21.14	20.8	20.82	20.29	1211200
8/12/2014	20.58	21.07	20.57	20.94	20.41	2243500
8/11/2014	20.49	20.62	20.32	20.45	19.93	1171100
8/8/2014	20.45	20.83	20.36	20.51	19.99	2196800
8/7/2014	19.99	20.22	19.92	20.18	19.67	1690800
8/6/2014	20.04	20.14	19.95	20.05	19.54	1889500
8/5/2014	19.74	19.82	19.43	19.78	19.28	1985800
8/1/2014	19.92	20.08	19.66	19.89	19.39	1532100
7/31/2014	19.72	20.12	19.66	19.7	19.2	3707200
7/30/2014	20.11	20.25	19.9	20.14	19.63	1414800
7/29/2014	20.19	20.31	20.11	20.17	19.66	1092300
7/28/2014	20.05	20.21	19.92	20.18	19.67	1720200
7/25/2014	19.64	20.22	19.59	20.2	19.69	2245300
7/24/2014	20.02	20.02	19.63	19.66	19.16	2451300
7/23/2014	20.2	20.32	20.08	20.13	19.62	1476100
7/22/2014	20.49	20.49	20.16	20.21	19.7	1690400
7/21/2014	20.68	20.68	20.2	20.51	19.99	1306800
7/18/2014	20.28	20.62	20.26	20.62	20.1	2101600
7/17/2014	20.39	20.65	20.2	20.63	20.11	3272700
7/16/2014	19.86	20.41	19.86	20.28	19.77	3823200
7/15/2014	20.34	20.6	19.69	19.71	19.21	2965400
7/14/2014	20	20.58	19.98	20.24	19.73	3052400
7/11/2014	19.95	20.72	19.8	20.71	20.18	2829500
7/10/2014	20.48	20.78	19.7	19.76	19.26	3161500
7/9/2014	20.05	20.22	19.91	20.14	19.63	3776400
7/8/2014	19.66	19.97	19.29	19.95	19.44	3442200
7/7/2014	19.37	19.57	19.21	19.54	19.04	2158600
7/4/2014	19.38	19.4	19.28	19.29	18.8	212100
7/3/2014	19.39	19.62	19.26	19.33	18.84	5376000
7/2/2014	19.28	19.69	19.28	19.57	19.07	1722400
6/30/2014	19.16	19.57	19.05	19.54	19.04	1925900
6/27/2014	19.23	19.44	19.06	19.22	18.73	1835300
6/26/2014	18.93	19.26	18.82	19.23	18.74	1830700
6/25/2014	19.1	19.21	18.96	19.07	18.59	1787400
6/24/2014	19.56	19.65	18.94	19.04	18.56	2262900
6/23/2014	19.15	19.59	19.08	19.49	19	2078900
6/20/2014	19.22	19.48	19.1	19.12	18.63	6779400
6/19/2014	19.17	19.52	19	19.5	19.01	4769900
6/18/2014	18.53	18.89	18.35	18.88	18.4	2556100
6/17/2014	18.23	18.64	18.16	18.54	18.07	2759100
6/16/2014	18.54	18.57	18.24	18.37	17.9	3497600
6/13/2014	18.2	18.51	17.9	18.44	17.97	2324900
6/12/2014	18.01	18.23	17.96	18.16	17.7	2776000
6/11/2014	17.8	17.99	17.65	17.86	17.41	2182400
6/10/2014	17.56	17.76	17.56	17.72	17.27	1120700
6/9/2014	17.56	17.75	17.42	17.42	16.98	993500
6/6/2014	17.68	17.72	17.3	17.52	17.08	1129900
6/5/2014	17.55	17.79	17.51	17.56	17.11	2164900
6/4/2014	17.48	17.55	17.35	17.4	16.96	1667500
6/3/2014	17.4	17.55	17.14	17.44	17	1378100
6/2/2014	17.51	17.56	17.25	17.34	16.9	2457600
5/30/2014	17.19	17.6	17.07	17.6	17.15	7307700
5/29/2014	17.01	17.38	17.01	17.12	16.69	2437600
5/28/2014	17.23	17.26	16.81	17.04	16.61	1950000
5/27/2014	17.75	17.75	17.26	17.3	16.81	2008200
5/26/2014	17.96	18.16	17.94	18.02	17.51	278500
5/23/2014	18.07	18.19	17.91	17.96	17.45	1070200
5/22/2014	18.5	18.5	18.01	18.09	17.58	1496800
5/21/2014	18.16	18.35	18.04	18.32	17.8	1728100
5/20/2014	17.94	18.24	17.93	18.15	17.63	1233100
5/16/2014	18.27	18.31	17.95	18.06	17.55	1725300
5/15/2014	18.87	18.88	18.23	18.3	17.78	2216300
5/14/2014	19	19.17	18.93	18.94	18.4	1463200
5/13/2014	18.95	19.06	18.8	18.83	18.29	1481700
5/12/2014	19	19.03	18.87	18.92	18.38	1672800
5/9/2014	18.77	18.94	18.62	18.79	18.26	1918600
5/8/2014	18.81	18.88	18.46	18.58	18.05	2021100
5/7/2014	18.91	18.97	18.67	18.82	18.29	2294700
5/6/2014	19.07	19.15	18.93	18.97	18.43	1412000
5/5/2014	19.34	19.38	19.02	19.1	18.56	1898100
5/2/2014	18.86	19.19	18.74	19.14	18.6	2643300
5/1/2014	19.01	19.03	18.73	18.77	18.24	2226700
4/30/2014	19.15	19.45	19.04	19.13	18.59	3028200
4/29/2014	19.15	19.49	19.06	19.35	18.8	3100300
4/28/2014	19.74	19.75	19.05	19.12	18.58	3484500
4/25/2014	19.43	19.75	19.36	19.74	19.18	3670600
4/24/2014	19.4	19.75	19.18	19.25	18.7	4679400
4/23/2014	19.47	19.86	19.29	19.59	19.03	2584200
4/22/2014	19.29	19.44	19.15	19.37	18.82	2959600
4/21/2014	19.7	19.88	18.92	19.03	18.49	4401000
4/17/2014	20.19	20.28	19.75	19.81	19.25	2319100
4/16/2014	20.32	20.39	20.07	20.19	19.62	2388700
4/15/2014	20.04	20.43	19.92	20.37	19.79	3361100
4/14/2014	20.66	20.86	20.53	20.63	20.04	2439100
4/11/2014	20.64	20.97	20.39	20.45	19.87	2222600
4/10/2014	20.89	20.93	20.41	20.54	19.96	3473600
4/9/2014	20.37	20.89	20.17	20.6	20.01	2653600
4/8/2014	20.42	20.6	20.27	20.54	19.96	2512300
4/7/2014	20.21	20.44	19.99	20.14	19.57	2511900
4/4/2014	20.89	20.89	20.19	20.3	19.72	2719300
4/3/2014	20.32	20.35	20	20.24	19.66	2906400
4/2/2014	20.16	20.68	20.14	20.49	19.91	4332000
4/1/2014	19.82	19.98	19.58	19.74	19.18	2873200
3/31/2014	20.06	20.15	19.63	19.68	19.12	3110700
3/28/2014	19.94	20.41	19.66	20.24	19.66	3084600
3/27/2014	19.77	20.17	19.58	19.95	19.38	2814000
3/26/2014	20.71	20.8	19.8	19.8	19.24	3041400
3/25/2014	20.82	21.02	20.54	20.67	20.08	2278800
3/24/2014	21.5	21.53	20.6	20.75	20.16	3076200
3/21/2014	22.01	22.05	21.51	21.76	21.14	4547000
3/20/2014	21.6	22.05	21.51	21.82	21.2	2594200
3/19/2014	22.26	22.37	21.74	21.78	21.16	3294400
3/18/2014	22.07	22.7	22.07	22.55	21.91	2338900
3/17/2014	23.09	23.12	22.61	22.62	21.98	2653100
3/14/2014	23.26	23.4	22.92	23.19	22.53	3247800
3/13/2014	22.53	23.07	22.39	22.98	22.33	2211000
3/12/2014	22.36	22.66	22.33	22.62	21.98	2846300
3/11/2014	22.05	22.16	21.91	21.99	21.36	2523500
3/10/2014	22.11	22.14	21.75	21.9	21.28	1871000
3/7/2014	22	22.28	21.85	22.08	21.45	2621300
3/6/2014	22.55	22.63	22.24	22.32	21.69	2863100
3/5/2014	22.61	22.82	22.32	22.49	21.85	2937300
3/4/2014	22.58	22.88	22.38	22.63	21.99	3073700
3/3/2014	23.29	23.3	22.65	22.73	22.08	3246700
2/28/2014	23	23.07	22.43	22.56	21.92	3103600
2/27/2014	23.16	23.52	22.86	23.03	22.38	3701000
2/26/2014	23.2	23.37	22.77	23.12	22.46	3444500
2/25/2014	23.5	23.78	23.3	23.35	22.63	2249200
2/24/2014	23.6	23.68	23.25	23.52	22.8	3359800
2/21/2014	23.38	23.64	23.1	23.29	22.57	4576300
2/20/2014	22.31	23.34	21.97	23.29	22.57	4320500
2/19/2014	22.35	22.77	21.81	21.91	21.24	3894100
2/18/2014	22.83	22.85	22.08	22.3	21.62	2997300
2/14/2014	22.5	22.77	22.06	22.36	21.67	5357400
2/13/2014	21.14	22.19	21.07	22.08	21.4	4703000
2/12/2014	21.64	21.65	20.7	20.81	20.17	3465700
2/11/2014	21.5	21.74	21.31	21.56	20.9	3900200
2/10/2014	21.13	21.48	21.11	21.35	20.69	2564800
2/7/2014	20.47	20.92	20.41	20.88	20.24	2749200
2/6/2014	20.7	20.88	20.34	20.46	19.83	2552200
2/5/2014	21.39	21.45	20.54	20.56	19.93	3886400
2/4/2014	21.25	21.36	21.09	21.21	20.56	4338600
2/3/2014	21.58	21.84	21.39	21.42	20.76	3013300
1/31/2014	21.68	21.92	21.21	21.46	20.8	3189600
1/30/2014	21.06	21.64	20.94	21.45	20.79	2528300
1/29/2014	21.3	21.83	21.21	21.83	21.16	3485300
1/28/2014	20.79	21.07	20.64	20.96	20.32	2617100
1/27/2014	20.85	20.9	20.48	20.61	19.98	2640800
1/24/2014	21.55	22.12	20.72	21.05	20.4	4439800
1/23/2014	21.3	21.8	21.23	21.43	20.77	4256200
1/22/2014	20.82	21.01	20.64	20.81	20.17	2698800
1/21/2014	20.6	21.19	20.42	21.09	20.44	4261700
1/20/2014	20.85	21.64	20.85	21.56	20.9	4926900
1/17/2014	20.2	20.71	20.2	20.61	19.98	4321700
1/16/2014	19.86	19.97	19.61	19.92	19.31	2710800
1/15/2014	19.31	19.82	19.26	19.78	19.17	2149300
1/14/2014	19.69	19.95	19.38	19.49	18.89	3096200
1/13/2014	19.73	19.74	19.26	19.73	19.12	2932300
1/10/2014	19.69	20.08	19.58	19.82	19.21	4187000
1/9/2014	19.46	19.48	19.17	19.24	18.65	2744400
1/8/2014	19.56	19.57	19.24	19.37	18.78	2818900
1/7/2014	19.49	19.7	19.26	19.67	19.07	2495700
1/6/2014	19.62	19.78	19.39	19.58	18.98	2653200
1/3/2014	19.56	19.68	19.21	19.31	18.72	2133900
1/2/2014	19.1	19.57	19	19.54	18.94	3120900
